TIC Burn-in
10057647 25277
1220444 108058
2353789 11408
3921749 86232
5364915 104784
5981829 15477
8769657 22904
9033144 326936
9054370 63069
9058724 128937
9380768 263582
9461737 5039
9845586 31571
10838695 64312
11070365 7197
11119600 42026
11561667 4779
13684720 71139
13974582 22854
16700335 13216
22079739 1583
24586751 3313
30914235 3993
32449963 4844
32759110 6351
34236395 43432
35481236 6224
39576803 7474
41561453 3510
44890224 4898
50189810 12850
50897998 12855
52276229 13496
57229803 30428
60658382 23742
60979860 56084
